59082 2440 11336   1213 2011  1  1     76    149     27 0 0 0
59082 2440 11336   1213 2011  1  2     52     96     18 0 0 0
59082 2440 11336   1213 2011  1  3     38     66     26 0 0 0
59082 2440 11336   1213 2011  1  4     39     53     31 0 0 0
59082 2440 11336   1213 2011  1  5     49     62     37 0 0 0
59082 2440 11336   1213 2011  1  6     46     62     38 0 0 0
59082 2440 11336   1213 2011  1  7     45     76     19 0 0 0
59082 2440 11336   1213 2011  1  8     59     98     24 0 0 0
59082 2440 11336   1213 2011  1  9     65     83     53 0 0 0
59082 2440 11336   1213 2011  1 10     62     82     50 0 0 0
59082 2440 11336   1213 2011  1 11     30     62     21 0 0 0
59082 2440 11336   1213 2011  1 12     54    117     18 0 0 0
59082 2440 11336   1213 2011  1 13     82    106     65 0 0 0
59082 2440 11336   1213 2011  1 14     97    134     80 0 0 0
59082 2440 11336   1213 2011  1 15     81    129     59 0 0 0
59082 2440 11336   1213 2011  1 16     55     99     18 0 0 0
59082 2440 11336   1213 2011  1 17     67    122     38 0 0 0
59082 2440 11336   1213 2011  1 18     61    111     11 0 0 0
59082 2440 11336   1213 2011  1 19     67     93     49 0 0 0
59082 2440 11336   1213 2011  1 20     42     67     35 0 0 0
59082 2440 11336   1213 2011  1 21     43     60     32 0 0 0
59082 2440 11336   1213 2011  1 22     46     73     27 0 0 0
59082 2440 11336   1213 2011  1 23     63     79     52 0 0 0
59082 2440 11336   1213 2011  1 24     54     69     38 0 0 0
59082 2440 11336   1213 2011  1 25     55     67     41 0 0 0
59082 2440 11336   1213 2011  1 26     68     83     55 0 0 0
59082 2440 11336   1213 2011  1 27     84    125     63 0 0 0
59082 2440 11336   1213 2011  1 28     66     84     55 0 0 0
59082 2440 11336   1213 2011  1 29     55     81     39 0 0 0
59082 2440 11336   1213 2011  1 30     63    101     38 0 0 0
59082 2440 11336   1213 2011  1 31     77    121     44 0 0 0